m1 = 70;
m2 = 50;
k1 = 15;
k2 = 20;
b = 50;
