m1 = 200;
m2 = 5;
k1 = 0.5;
k2 = 0.6;
b = 7;
